# Created by Octave 6.2.0, Thu May 19 15:20:53 2022 UTC <www-data@5f2ed6e0ce0d>
# name: x
# type: matrix
# rows: 501
# columns: 5
 0 0 0 0 0
 0.0027722662672411123 0.32205489365797302 -0.0015115081295281538 2.0969954060973373 -1.4358200878965585e-05
 0.0063102383945301743 0.38210515618622404 -0.0017834687609325779 1.9406825749899772 -3.0926694502202995e-05
 0.010380956417051806 0.43037065948907138 -0.0020002083521273462 1.7438968239573833 -4.9883704138740875e-05
 0.014884256358312642 0.46860970599581431 -0.002170712734977283 1.5289503725146412 -7.0776986701746433e-05
 0.019719536710223057 0.49677028406712687 -0.0022948500697533071 1.3006351851380491 -9.3143316627968418e-05
 0.024786400682501812 0.51495785179499554 -0.0023731967847323539 1.063560395581058 -0.00011652127069993803
 0.029986323980936029 0.52343942692489764 -0.0024070656890233552 0.82221662939999929 -0.0001404589181127498
 0.035224204261527413 0.52262993389835521 -0.002398442250369978 0.58090833263198149 -0.00016452087652210889
 0.040409764094550917 0.51307672935136028 -0.0023499125646895469 0.34369207826901826 -0.00018829468417024182
 0.045458792182368181 0.49544278822710142 -0.002264585355942332 0.11432257754360697 -0.00021139642044636995
 0.050294211245882833 0.47048891117774372 -0.0021460096666268019 -0.10379313030502502 -0.00023347552352523439
 0.054846964575967168 0.43905530874359394 -0.0019980898708854807 -0.30763300905436353 -0.00025421877018014927
 0.059056716755888285 0.40204290785105173 -0.0018249995934399841 -0.49458873653658575 -0.00027335339896368891
 0.062872367444419902 0.36039471099083104 -0.0016310960450257707 -0.66248580798470558 -0.0002906493734373729
 0.066252380317277704 0.31507751857370336 -0.0014208361912088322 -0.80959518804872133 -0.00030592079678604019
 0.06916493225290167 0.26706430101560885 -0.0011986960592352755 -0.93463680100565716 -0.00031902650277442775
 0.071587890579778157 0.21731747971458482 -0.00096909435983763103 -1.0367752693301742 -0.00032986986042300015
 0.073508628645288093 0.16677334590709669 -0.00073632146073717905 -1.115608417606003 -0.00033839784085749447
 0.07492369209596618 0.11632781409855431 -0.00050447459901309323 -1.171149150740733 -0.0003445994044127347
 0.075838330058211001 0.066823673016859819 -0.00027740006361142724 -1.2038013919024446 -0.0003485032741675063
 0.076265906865637029 0.019039462489826742 -5.8642920025593062e-05 -1.2143308261322976 -0.00035017516860537303
 0.076227211089545652 -0.026319930075627218 0.00014859531053461545 -1.2038312400988809 -0.00034971457101729968
 0.075749679393666017 -0.068630894238413231 0.00034149076264272334 -1.1736872771197722 -0.00034725111659479325
 0.074866553160370414 -0.10735691605001768 0.00051762302669549481 -1.1255344398119966 -0.00034294067994217274
 0.073615985935289521 -0.14205259837574041 0.00067499268102356015 -1.0612171712092429 -0.00033696124602279577
 0.072040119527711208 -0.17236591775036886 0.00081203073616240495 -0.98274582977340552 -0.00032950864642760486
 0.07018414610663079 -0.19803878111515444 0.00092760029705879878 -0.89225334548818092 -0.00032079224041530645
 0.068095372871743665 -0.21890597073850965 0.0010209908623099507 -0.79195230436499742 -0.00031103061653828718
 0.065822304882936541 -0.23489258765960302 0.0010919057792960866 -0.68409315855432418 -0.00030044738596686374
 0.063413760431197883 -0.24601012290903929 0.0011404434593726186 -0.57092420027216262 -0.00028926713299698306
 0.060918031960295292 -0.25235130141525636 0.0011670730275314747 -0.45465387142250924 -0.00027771158182088453
 0.058382104035096187 -0.25408385582317811 0.0011726051358062236 -0.33741590865934867 -0.00026599603160894149
 0.055850938232528999 -0.25144339641752073 0.0011581587091431277 -0.22123774723331735 -0.00025432610444812227
 0.053366833138253307 -0.24472554899872595 0.0011251244167122879 -0.10801252783822779 -0.00024289484286152397
 0.050968865898799412 -0.23427753499983744 0.0010751256711547287 0.00052502970091072854 -0.00023188018564406092
 0.048692420036723041 -0.22048936750139142 0.0010099779537386154 0.10281870225077516 -0.0002214428427356818
 0.046568802515013399 -0.20378483328564884 0.00093164724571367583 0.19750668373178959 -0.00021172458195162306
 0.044624951364342871 -0.18461242489607393 0.00084220831636087554 0.28343332096944085 -0.00020284693272566655
 0.042883233588091402 -0.16343637808952932 0.00074380357753103419 0.35965670803382355 -0.00019491030471235286
 0.04136133155805552 -0.14072795936953308 0.00063860316416287271 0.42545224925312675 -0.00018799351224025286
 0.040072214728072673 -0.11695713577088585 0.00052876684176538825 0.48031236256061693 -0.00018215368929978698
 0.039024192240078436 -0.092584745044065053 0.00041640827659677701 0.52394254988985134 -0.00017742657406049055
 0.038221040890798211 -0.068055269184222 0.00030356213375742143 0.55625410941215003 -0.00017382713690411051
 0.037662201977554044 -0.043790298188001564 0.00019215439412595685 0.57735380510583756 -0.00017135052167665849
 0.037343039755518108 -0.02018275432117439 8.3976204471539239e-05 0.58753084219813889 -0.0001699732663349115
 0.037255153619993667 0.002408069648636435 -1.9338502407183385e-05 0.58724152231111182 -0.00016965476640677109
 0.037386735676741861 0.023660621560862793 -0.00011633145768096768 0.57709196969312537 -0.00017033894270239414
 0.03772296507891474 0.043294330034555073 -0.00020573449207045096 0.55781932987656058 -0.00017195607349299955
 0.038246430386044215 0.061071969239974766 -0.00028647994482867306 0.53027184473926869 -0.00017442475089345108
 0.038937571231573882 0.07680115878460414 -0.00035770710236991015 0.49538820363809921 -0.00017765392140873908
 0.039775130761229918 0.090335023171563222 -0.00041876478633617702 0.45417655949905544 -0.00018154497148907572
 0.040736610613833296 0.1015720480187049 -0.00046921026877448299 0.40769358204363604 -0.00018599382043065396
 0.041798720646088881 0.11045518160015122 -0.00050880474366621332 0.35702389832582715 -0.0001908929849991852
 0.042937816139285032 0.11697024017538504 -0.00053750562880020654 0.30326024412355967 -0.00019613358267535062
 0.044130315853563737 0.12114368392211122 -0.00055545600955224589 0.2474846191859208 -0.00020160724335516674
 0.045353094998670997 0.12303983703666505 -0.00056297156630623541 0.19075070562139507 -0.00020720790261097703
 0.046583847952703351 0.12275763068839751 -0.00056052534994386369 0.13406777257229874 -0.00021283345315582461
 0.047801416366093412 0.1204269510193991 -0.00054873078508818488 0.078386252503476195 -0.00021838723488066354
 0.048986079120895844 0.11620467630211623 -0.00052832328878259704 0.024585135671637115 -0.00022377934767665175
 0.050119801459781517 0.11027048776353393 -0.00050014089330290825 -0.02653870965838534 -0.00022892777514233489
 0.051186441440158867 0.1028225375365977 -0.0004651042562204583 -0.074279222253013089 -0.00023375931113992179
 0.052171912692563369 0.094073054808006151 -0.00042419642913131528 -0.11802780672115132 -0.00023821028494240109
 0.05306430325602806 0.084243967613836068 -0.00037844273918901587 -0.15727797050167336 -0.00024222708434541097
 0.053853951014954667 0.073562613021944723 -0.00032889111533703874 -0.1916279771839422 -0.00024576647955181001
 0.054533476961800484 0.062257602774880794 -0.00027659316459131248 -0.22078158548989535 -0.00024879575382643222
 0.055097778148899233 0.05055490499915305 -0.00022258627356648597 -0.24454697146110416 -0.00025129264982394223
 0.055543982763688417 0.038674195471029349 -0.00016787697738689989 -0.26283395634772333 -0.0002532451430814939
 0.055871370258828726 0.02682552432248575 -0.00011342580289662148 -0.27564968415589641 -0.00025465105641468098
 0.056081259888044868 0.015206336129606146 -6.0133756399823393e-05 -0.28309291061586395 -0.00025551753084191743
 0.056176871337413455 0.0039988732024689444 -8.8305887238817465e-06 -0.28534707939506898 -0.0002558603701778459
 0.056163161399192855 -0.0066320162625916335 3.9735067124050186e-05 -0.2826723716775934 -0.00025570327757648705
 0.056046640811487129 -0.016540651561266606 8.4903627404743064e-05 -0.27539692180633413 -0.00025507700307199257
 0.055835175483761233 -0.025601868603013778 0.00012611053572199912 -0.26390739464070334 -0.00025401842156757588
 0.055537776348415731 -0.033711946457278263 0.00016289029939366866 -0.2486391197784501 -0.00025256956077562745
 0.055164382026343696 -0.040789120016021807 0.00019487862777464921 -0.2300659740327351 -0.00025077659833341827
 0.054725638374672661 -0.046773693926261517 0.00022181274560368995 -0.20869019679493617 -0.00024868884673285717
 0.054232678803629128 -0.051627778782104561 0.00024352998094269072 -0.18503231343604698 -0.00024635774383700653
 0.053696909013234664 -0.055334675713278214 0.00025996475057727363 -0.15962133002046253 -0.00024383586564111169
 0.053129799516483577 -0.057897939919354602 0.00027114408564237673 -0.13298534866311407 -0.00024117597660483134
 0.052542688991286834 -0.059340157343794275 0.00027718185658754833 -0.10564273720749062 -0.00023843013136997035
 0.051946601146566067 -0.059701471542344731 0.00027827186933208035 -0.078093969899488247 -0.00023564884002016712
 0.051352077406318239 -0.059037899873199462 0.00027468001357351581 -0.050814237743836532 -0.00023288030727191484
 0.050769027317078906 -0.05741947943201664 0.00026673564975936408 -0.024246908615186413 -0.00023016975414599466
 0.050206598176658117 -0.05492828369627778 0.00025482242332250339 0.0012021016961436537 -0.00022755882879002797
 0.049673064972688662 -0.051656350664751549 0.0002393686935792652 0.025169005159515478 -0.00022508511124019507
 0.049175741315399014 -0.047703562423402235 0.00022083776040475477 0.047335840022117548 -0.00022278171505512868
 0.048720911656599676 -0.043175514592123987 0.00019971806468189373 0.067433186098306841 -0.00022067698695718739
 0.048313784712081281 -0.038181412067799181 0.00017651352885131918 0.085241907644473702 -0.00021879430390269516
 0.047958467652755049 -0.032832024944943305 0.00015173419197794498 0.100593950367734 -0.00021715196539728475
 0.047657960305523203 -0.027237735536695229 0.00012588727992578468 0.11337223350032732 -0.00021576317739599275
 0.047414168311922134 -0.021506704110262287 9.9468835837925691e-05 0.12350969074047824 -0.00021463612279764779
 0.047227933934158209 -0.015743177367909755 7.2956019502509956e-05 0.13098752508517064 -0.00021377411237333318
 0.047099082976618453 -0.010045959923211389 4.6800166697842432e-05 0.13583275206648948 -0.00021317580896975335
 0.047026486107892486 -0.0045070651175481147 2.1420681594515279e-05 0.13811511359120199 -0.00021283551700717991
 0.047008132724656447 0.00078944243348166854 -2.8001829170149362e-06 0.13794345044710665 -0.00021274352865189482
 0.04704121539459892 0.0057684041105655615 -2.5521620191143804e-05 0.13546162558548946 -0.00021288651758502442
 0.047122222850395502 0.010364319777443232 -4.6447620967736457e-05 0.13084409255323282 -0.00021324797101063302
 0.047247039479418593 0.01452189459187686 -6.5329378544796242e-05 0.12429120399496885 -0.00021380865044032783
 0.047411049262687029 0.018196382759309182 -8.1966761872901729e-05 0.1160243540646082 -0.00021454707185123367
 0.047609242159292069 0.021353734112534495 -9.6208885340005922e-05 0.10628104598832566 -0.00021543999602853119
 0.047836321006514956 0.023970552379032783 -0.00010795381755548689 0.095309972038412072 -0.00021646292026032316
 0.048086807108037637 0.026033876655807753 -0.0001171474834931476 0.083366187955891791 -0.00021759056303723154
 0.04835514280970301 0.027540799923300052 -0.00012378182479713781 0.070706457558452618 -0.0002187973340063253
 0.048635789510638801 0.028497940376235653 -0.00012789229180909523 0.057584836057016808 -0.00022005778212222398
 0.048923319723500565 0.028920782918388066 -0.00012955474788901443 0.044248552652981665 -0.00022134701571033919
 0.049212501977313694 0.028832909355438086 -0.00012888187185848966 0.030934244474800199 -0.00022264108899068533
 0.049498377546086568 0.0282651366274001 -0.00012601914790555326 0.017864585012764334 -0.00022391735048797295
 0.04977632818226442 0.027254582857674514 -0.00012114053409666603 0.0052453410963377856 -0.00022515474965751706
 0.050042134232544562 0.025843681073727809 -0.00011444390081096346 -0.0067371167050600533 -0.00022633409897012603
 0.05029202271109387 0.024079160193915872 -0.00010614632903581779 -0.017917834432475743 -0.00022743828960665113
 0.050522705098530532 0.022011012299882782 -9.6479355653103982e-05 -0.028154818815203431 -0.000228452459799363
 0.050731404821142946 0.019691464352026899 -8.568424873182435e-05 -0.037330106466099799 -0.00022936411570907451
 0.050915874541004422 0.017173971387711817 -7.4007390569079748e-05 -0.045350367491878263 -0.00023016320553162134
 0.051074403551508711 0.014512246901698667 -6.1695839943126836e-05 -0.052147060112491594 -0.00023084214827411029
 0.051205815722350834 0.01175934458102218 -4.8993137922676748e-05 -0.057676159482096701 -0.00023139581932101635
 0.051309458571420531 0.0089668038886407397 -3.6135413783831925e-05 -0.061917489733344322 -0.00023182149551517756
 0.05138518415714028 0.0061838701985501565 -2.334783928977912e-05 -0.064873693272993638 -0.00023211876300311836
 0.051433322582512098 0.0034567983163190652 -1.0841470957082509e-05 -0.066568875503211888 -0.00023228939153373666
 0.051454648980946989 0.00082824630904665408 1.18948886944901e-06 -0.06704696640897323 -0.00023233717925169437
 0.051450344913599066 -0.0016632353479477113 1.2569990126018969e-05 -0.066369842833456261 -0.00023226777229094406
 0.051421955148510834 -0.0039836161912013002 2.3145978994306652e-05 -0.064615256770960361 -0.00023208846365033344
 0.05137134081380941 -0.0061036984740456268 3.2785782796288963e-05 -0.061874615665425736 -0.00023180797592421435
 0.051300629921178072 -0.0079993306252714169 4.1381038898666246e-05 -0.058250660549946875 -0.00023143623246982964
 0.051212166242827512 -0.0096515235726927773 4.8847178198630197e-05 -0.053855086947798725 -0.00023098412152452666
 0.05110845749640084 -0.011046473555240133 5.5123480646989678e-05 -0.048806151837662792 -0.00023046325764516525
 0.0509921237490574 -0.01217549641182708 6.0172726459858028e-05 -0.043226307732531666 -0.00022988574463594745
 0.050865846895945872 -0.013034879537572819 6.3980472111616234e-05 -0.037239902107576661 -0.00022926394386652674
 0.050732322001077829 -0.013625658727099088 6.655398484145883e-05 -0.03097097711666974 -0.0002286102515674446
 0.050594211212019992 -0.01395332797320864 6.7920873211545782e-05 -0.024541200843271493 -0.00022793688833288737
 0.050454100875665459 -0.014027490953394006 6.8127454210511942e-05 -0.018067957324183759 -0.00022725570366988597
 0.050314462392470269 -0.013861463415734687 6.7236899500942079e-05 -0.011662618349411513 -0.00022657799801691384
 0.050177617252792912 -0.013471835972401813 6.5327204676895231e-05 -0.0054290156626297659 -0.00022591436422182684
 0.050045706603149026 -0.012878006928684627 6.248902585442211e-05 0.00053787225374124503 -0.00022527455002748157
 0.049920665594023361 -0.012101694726337653 5.8823427603161595e-05 0.0061530090488499667 -0.00022466734267109087
 0.049804202666003314 -0.011166439372650105 5.4439585190151855e-05 0.011342159603042745 -0.00022410047626789949
 0.049697783838933994 -0.010097101873530578 4.945248240687916e-05 0.016042518107038717 -0.00022358056222802677
 0.049602621980931155 -0.0089193702044024215 4.3980643953977485e-05 0.020203107828232536 -0.00022311304255362844
 0.049519670951661994 -0.0076592797525034673 3.8143938537816722e-05 0.023784958956207802 -0.00022270216548748162
 0.049449624438388302 -0.0063427554650281603 3.2061485566940284e-05 0.026761074284879616 -0.00022235098263854764
 0.049392919234764757 -0.0049951821568803845 2.5849694704571961e-05 0.029116195496547537 -0.00022206136639907602
 0.049349742652023923 -0.003641008587436434 1.9620463618166785e-05 0.030846385433556112 -0.00022183404619462499
 0.049320043700505523 -0.002303390025506169 1.3479555150513502e-05 0.031958443954315463 -0.00022166866187541269
 0.049303547636871857 -0.001003873103239683 7.5251708998634679e-06 0.032469176758563645 -0.00022156383236628609
 0.049299773438989031 0.00023787416987897103 1.8467339172646442e-06 0.032404537926059351 -0.00022151723754411257
 0.049308053746375945 0.0014042852863068167 -3.4761110179585848e-06 0.031798667845286843 -0.00022152571120561047
 0.049327556789199825 0.0024800699704621842 -8.3742752291736649e-06 0.03069284872291167 -0.00022158534292486491
 0.049357309822754832 0.0034523405866920265 -1.2789781744437659e-05 0.029134399976215697 -0.00022169158657668443
 0.049396223586789689 0.0043106908750504269 -1.6676102091065176e-05 0.027175535540632456 -0.00022183937331759238
 0.049443117319423822 0.0050472284292278902 -1.9998281187942092e-05 0.024872204499397643 -0.00022202322686812749
 0.049496743873079042 0.0056565630277426449 -2.2732860408085408e-05 0.022282935493092904 -0.0002222373790252956
 0.049555814504136465 0.0061357535507388095 -2.4867611699934443e-05 0.019467704128021346 -0.00022247588344912524
 0.049619022938120136 0.0064842167543316953 -2.6401098093304645e-05 0.016486841111491124 -0.00022273272590867595
 0.04968506834726908 0.0067036016280005439 -2.7342077955573498e-05 0.013399997138662911 -0.00022300192933664368
 0.04975267691651334 0.0067976334253783133 -2.770877199406805e-05 0.010265178680530784 -0.00022327765222385882
 0.04982062171622318 0.0067719317338790774 -2.7528013217860154e-05 0.0071378668172665805 -0.00022355427908136226
 0.049887740644758372 0.0066338071344692606 -2.6834300879538617e-05 0.0040702291667553681 -0.00022382650190425237
 0.049952952249922002 0.006392041101527135 -2.5668779824918574e-05 0.0011104328150253195 -0.00022408939178406587
 0.050015269285064841 0.0060566538075008669 -2.4078166702281179e-05 -0.0016979359976914132 -0.00022433846003116459
 0.050073809901974346 0.0056386644325311375 -2.2113644144177271e-05 -0.0043163418076357374 -0.00022456970838171517
 0.050127806428052188 0.005149848441004079 -1.9829743360642209e-05 -0.006711657912218616 -0.00022477966807187536
 0.050176611718929794 0.0046024960816853366 -1.7283234603420556e-05 -0.0088564128186838786 -0.00022496542776153359
 0.050219703118959472 0.0040091761029784068 -1.4532043710542173e-05 -0.01072892741902276 -0.00022512465047850358
 0.050256684100388423 0.0033825083578326587 -1.1634211455849525e-05 -0.012313346861416274 -0.00022525557992892573
 0.050287283686998259 0.0027349486122222877 -8.6469107473841501e-06 -0.013599572631476153 -0.00022535703667861631
 0.050311353799179198 0.0020785884754879747 -5.6255348813295369e-06 -0.014583101718249392 -0.00022542840485147172
 0.050328864684499409 0.0014249729488487461 -2.6228681044228493e-06 -0.015264780907778164 -0.00022546961011341471
 0.050339898620605734 0.00078493764866566229 3.1165229303167265e-07 -0.015650485212415077 -0.00022548108981279173
 0.050344642095616864 0.00016846731197933673 3.1325752006985778e-06 -0.01575073020263229 -0.00022546375623002223
 0.050343376684991482 -0.00041542325845461692 5.7989711461040733e-06 -0.015580228558667475 -0.00022541895395046229
 0.050336468853198466 -0.00095878509629770958 8.274860941924261e-06 -0.015157401504832801 -0.00022534841241503851
 0.050324358913483247 -0.0014548075379891556 1.0529536449085247e-05 -0.014503855935626753 -0.00022525419472373389
 0.050307549379782976 -0.0018978673808152657 1.2537774258290259e-05 -0.013643837998836617 -0.00022513864376827087
 0.050286592941620856 -0.0022835552448771113 1.4279944847517354e-05 -0.012603673678413418 -0.0002250043267534254
 0.05026208028589077 -0.0026086800051295378 1.5742021384111942e-05 -0.011411206532877749 -0.00022485397913264653
 0.050234627979155691 -0.0028712524787507521 1.6915493788512625e-05 -0.010095242209436694 -0.00022469044893458535
 0.050204866610793465 -0.0030704498339228503 1.7797194947412982e-05 -0.0086850086874057375 -0.00022451664239445972
 0.050173429381427846 -0.0032065624261308767 1.8389047046028914e-05 -0.0072096404256094537 -0.00022433547172973257
 0.050140941302997989 -0.0032809249656308714 1.8697736874867142e-05 -0.0056976937167618757 -0.000224149805815291
 0.050108009156975809 -0.0032958340739208114 1.8734329652247408e-05 -0.0041766996074592555 -0.00022396242442116284
 0.050075212336072837 -0.0032544543977529039 1.8513831389847758e-05 -0.0026727597452667062 -0.00022377597657779913
 0.050043094672717989 -0.0031607155171070045 1.8054710117959647e-05 -0.0012101894844138705 -0.00022359294353206966
 0.05001215733505792 -0.0030192019099063994 1.7378386386442991e-05 0.00018878846208192357 -0.0002234156066533003
 0.049982852848637786 -0.0028350382230481475 1.650870337574213e-05 0.0015042975750723109 -0.00022324602054478275
 0.049955580279646271 -0.0026137720490332361 1.5471386701615799e-05 0.0027190070550724421 -0.00022308599151396204
 0.049930681594010651 -0.0023612563230945294 1.429350359128073e-05 0.0038182770689987322 -0.00022293706145557718
 0.049908439186030294 -0.0020835333406086787 1.3002930563306338e-05 0.004790250393080342 -0.00022280049710787114
 0.049889074550928732 -0.0017867222524457493 1.1627838075940191e-05 0.00562589198993102 -0.00022267728455390638
 0.049872748057936622 -0.001476911730696806 1.0196199836879543e-05 0.0063189788451651907 -0.00022256812875915544
 0.049859559764500093 -0.0011600593130350334 8.7353336107856474e-06 0.0068660430919038618 -0.00022247345786382617
 0.049849551198111026 -0.00084189873499040946 7.2714794383428594e-06 0.007266272063238155 -0.00022239343188458415
 0.049842708020203498 -0.00052785634985452745 5.8294202117069576e-06 0.0075213694280393817 -0.00022232795542601088
 0.049838963476640012 -0.00022297751991118275 4.4321485547186169e-06 0.0076353819813235191 -0.00022227669395765497
 0.049838202531566109 6.8136355788395164e-05 3.100582950632232e-06 0.0076144969754610159 -0.00022223909317807783
 0.049840266575847954 0.00034137972899817015 1.853335062749692e-06 0.0074668150932861721 -0.00022221440096286841
 0.049844958597892862 0.00059318346926706678 7.0652922057562288e-07 0.007202104280800814 -0.00022220169137903857
 0.049852048703321369 0.0008205440783744522 -3.2632588915001287e-07 0.0068315396793776628 -0.00022219989024318941
 0.049861279870614034 0.0010210417130132043 -1.2344141674888471e-06 0.0063674348301159256 -0.00022220780170489641
 0.049872373832371586 0.0011928473555246621 -2.0096393409457184e-06 0.0058229691726663368 -0.00022222413534930658
 0.049885036976054453 0.0013347196354882573 -2.6466048891355537e-06 0.0052119166346584755 -0.00022224753333327705
 0.049898966163836801 0.0014459919501483287 -3.1425497178641428e-06 0.0045483798139591691 -0.00022227659709672009
 0.04991385437833655 0.0015265506576028209 -3.4972432018537131e-06 0.0038465339033373347 -0.0002223099132242946
 0.049929396109267575 0.0015768052223675832 -3.7128436964689246e-06 0.0031203841048332848 -0.00022234607807128083
 0.049945292405298207 0.0015976512777534091 -3.7937249967650785e-06 0.0023835398389886464 -0.00022238372081044498
 0.049961255525380471 0.0015904276332224243 -3.7462755039913663e-06 0.0016490085817437716 -0.00022242152460297268
 0.049977013134327786 0.0015568682976679904 -3.5786750452746277e-06 0.00092901166896064424 -0.00022245824564515973
 0.049992311998256204 0.0014990506118650604 -3.3006543839536259e-06 0.00023482390461415648 -0.00022249272989254107
 0.050006921146466106 0.0014193405859775909 -2.9232424597637995e-06 -0.00042336169712609006 -0.00022252392731359489
 0.050020634477235322 0.0013203365220627594 -2.4585063149733417e-06 -0.0010365432048580203 -0.00022255090357520423
 0.050033272795641827 0.0012048119683162328 -1.9192885008705116e-06 -0.0015969927513319604 -0.00022257284911087328
 0.050044685281769426 0.0010756590029118995 -1.3189465259575914e-06 -0.0020983133191010417 -0.00022258908556953025
 0.050054750397325279 0.00093583278242237444 -6.7109861083504072e-07 -0.0025354698801938191 -0.00022259906968693019
 0.050063376247681798 0.00078829821482406803 1.0620336329337024e-08 -0.0029047958393570994 -0.0002226023946626069
 0.050070500424538048 0.00063597953195393409 7.1278900658656302e-07 -0.0032039760912234705 -0.00022259878916251313
 0.050076089361683424 0.00048171344300396157 1.422413155200428e-06 -0.0034320083198178253 -0.0002225881141005199
 0.050080137242670034 0.00032820645125558601 2.1271196208971603e-06 -0.0035891444412241569 -0.00022257035738050529
 0.050082664504507157 0.00017799681278635182 2.8153287532186374e-06 -0.003676814315015875 -0.00022254562680462358
 0.050083715985751551 3.3421510307385383e-05 3.4764035882757331e-06 -0.0036975340261515832 -0.00022251414137237915
 0.050083358770569741 -0.00010341149049775122 4.100774599613121e-06 -0.0036548011663470881 -0.00022247622120929086
 0.050081679782498674 -0.00023064553897089723 4.6800393291067735e-06 -0.0035529796230400201 -0.00022243227637326374
 0.050078783182754771 -0.00034669208961313203 5.2070366652471386e-06 -0.0033971764164646423 -0.00022238279479140817
 0.050074787628077891 -0.00045024201836790789 5.6758959759246538e-06 -0.0031931131131277546 -0.00022232832958015255
 0.050069823442300189 -0.00054027158917840934 6.0820617138813201e-06 -0.0029469942900108848 -0.0002222694859973424
 0.050064029754168064 -0.00061604327778924661 6.4222944899904044e-06 -0.0026653754312104816 -0.00022220690826692241
 0.050057551651495377 -0.00067710173437246501 6.6946499481656142e-06 -0.0023550325115238024 -0.0002221412665051194
 0.050050537398574645 -0.0007232652321416122 6.8984370724268357e-06 -0.0020228353635527441 -0.00022207324396218602
 0.050043135760012999 -0.00075461300509654938 7.0341578089216927e-06 -0.0016756267408450931 -0.00022200352477616135
 0.050035493469890308 -0.00077146892402402134 7.1034300918059769e-06 -0.0013201087839105341 -0.00022193278241520591
 0.050027752880457618 -0.00077438199566565169 7.1088965210215106e-06 -0.0009627383733938899 -0.00022186166896334585
 0.050020049819609114 -0.00076410419554062692 7.0541210521850306e-06 -0.00060963261993851603 -0.00022179080538138016
 0.050012511681169727 -0.00074156616042930779 6.943476124849756e-06 -0.00026648549800922794 -0.00022172077285073432
 0.050005255766743736 -0.00070785127230654776 6.782022676834901e-06 6.1503614365410186e-05 -0.00022165210528363858
 0.049998387892561773 -0.00066416866201823854 6.5753854713559903e-06 0.00036968897197242612 -0.00022158528305860168
 0.049992001269534632 -0.0006118256488140128 6.3296261031177154e-06 0.00065402479569343086 -0.00022152072801615518
 0.049986175659655623 -0.0005522001116891051 6.0511159526413418e-06 0.00091109885314599737 -0.00022145879972663743
 0.049980976807064828 -0.0004867132611455216 5.7464112286035197e-06 0.0011381534544745442 -0.00022139979301971562
 0.049976456137565795 -0.00041680324632564769 5.4221320799274428e-06 0.001333094233127774 -0.00022134393674471444
 0.049972650716226891 -0.00034389999343537037 5.0848475770691112e-06 0.0014944872656519337 -0.00022129139371189602
 0.049969583448954275 -0.00026940162792166156 4.7409681598470366e-06 0.0016215452488159698 -0.00022124226174783667
 0.04996726351063082 -0.00019465278598213009 4.3966469318384386e-06 0.0017141035951899752 -0.00022119657578314886
 0.049965686979604608 -0.00012092507165356592 4.0576909532776852e-06 0.0017725874283787135 -0.00022115431087812971
 0.04996483765600121 -4.9399864919363878e-05 3.7294834500567389e-06 0.0017979705558026637 -0.000221115386081566
 0.049964688039536416 1.88463650692694e-05 3.4169176201168366e-06 0.0017917275699512736 -0.00022107966900993195
 0.049965200441220513 8.2854138549304235e-05 3.1243424843249365e-06 0.001755780278453134 -0.00022104698102857681
 0.049966328202564657 0.00014179038216027839 2.8555210006536019e-06 0.0016924396897688432 -0.00022101710291317668
 0.049968016995607427 0.00019495517892970105 2.6136004416771157e-06 0.0016043447855791371 -0.0002209897808686399
 0.049970206177253514 0.00024178589090956271 2.4010948291067723e-06 0.0014943992942484385 -0.00022096473278369828
 0.04997283017202548 0.00028185873605940381 2.2198790281780737e-06 0.0013657076436257576 -0.00022094165460244768
 0.049975819858339571 0.00031488793909761892 2.07119393139262e-06 0.0012215112175435472 -0.00022092022669895531
 0.049979103934787203 0.0003407226099722549 1.9556620073750159e-06 0.001065125970685088 -0.00022090012014754193
 0.049982610244590907 0.00035934153299216343 1.8733123578944331e-06 0.00089988237305238528 -0.00022088100278927104
 0.049986267038361148 0.00037084607428822247 1.8236143153886782e-06 0.00072906856029542055 -0.00022086254500431869
 0.049990004157459994 0.00037545143499012612 1.8055185252879337e-06 0.00055587746189589282 -0.0002208444251100337
 0.049993754122629269 0.00037347649226737722 1.8175043921934714e-06 0.00038335856795779222 -0.00022082633431539999
 0.04999745311501546 0.00036533248022141418 1.8576327263123901e-06 0.00021437487937125965 -0.00022080798117405436
 0.050001041839272974 0.00035151076765593814 1.9236024059502387e-06 5.1565467652725516e-05 -0.00022078909548976984
 0.050004466261003133 0.00033256999017228228 2.0128098723272078e-06 -0.00010268604809837711 -0.00022076943164017158
 0.050007678213344856 0.0003091227901116933 2.1224102933579004e-06 -0.00024627691683143382 -0.00022074877129620374
 0.050010635870031385 0.00028182240989449436 2.2493792717973027e-06 -0.00037740448716672148 -0.00022072692552632038
 0.05001330408462782 0.00025134937266796387 2.3905740285906207e-06 -0.00049457928678764418 -0.00022070373628535489
 0.05001565459793117 0.00021839846926802187 2.5427930625265827e-06 -0.00059663208304172599 -0.000220679077298375
 0.050017666117618265 0.00018366625276627913 2.7028333703009791e-06 -0.00068271515176343556 -0.00022065285435941332
 0.05001932427614085 0.00014783922177530329 2.867544404731295e-06 -0.00075229806569554469 -0.00022062500507366285
 0.050020621474570377 0.00011158285169277082 3.0338780509836429e-06 -0.00080515838816941354 -0.00022059549807944441
 0.050021556621570692 7.5531609657786269e-05 3.1989340089951922e-06 -0.00084136772125820158 -0.00022056433179291741
 0.050022134777913403 4.0280064649900194e-05 3.3600000827029367e-06 -0.00086127360991516966 -0.00022053153272406372
 0.050022366717941247 6.3751793386579436e-06 3.5145869910241812e-06 -0.00086547784453072651 -0.00022049715341689732
 0.050022268420126276 -2.5690154559387945e-05 3.6604574298161954e-06 -0.00085481173372947694 -0.00022046127007013097
 0.050021860499364607 -5.5482300120757166e-05 3.7956492262678117e-06 -0.00083030893735891453 -0.00022042397989667476
 0.050021167593903015 -8.2630764642821486e-05 3.918492535662536e-06 -0.00079317645674370496 -0.00022038539828138107
 0.050020217719815165 -0.00010683080360185393 4.0276211335191648e-06 -0.00074476437599457768 -0.00022034565579643055
 0.050019041605748688 -0.00012784476919103227 4.121977952388934e-06 -0.00068653493504866603 -0.00022030489513273573
 0.05001767202026567 -0.00014550225287623952 4.2008151008125771e-06 -0.00062003149298117677 -0.00022026326800379833
 0.050016143103515411 -0.00015969908885321571 4.2636886810952339e-06 -0.00054684790992798327 -0.00022022093207567722
 0.050014489714231496 -0.00017039530060258823 4.3104487918550153e-06 -0.00046859883852201634 -0.00022017804797320241
 0.050012746802155728 -0.00017761208579736287 4.3412251601107621e-06 -0.00038689137227798653 -0.00022013477640840833
 0.05001094881498358 -0.00018142794551706531 4.3564088956394176e-06 -0.0003032984498276825 -0.00022009127547246239
 0.050009129147822719 -0.00018197407202863447 4.3566308972338257e-06 -0.00021933436144516705 -0.00022004769812724453
 0.050007319641982004 -0.00017942911530161032 4.3427374663976889e-06 -0.00013643264907070574 -0.00022000418992729754
 0.050005550138687072 -0.00017401345196926821 4.3157636990540441e-06 -5.5926634016323362e-05 -0.00021996088699722957
 0.050003848092073332 -0.00016598308171067444 4.2769052304417101e-06 2.0967251068704229e-05 -0.00021991791428391212
 0.050002238244560106 -0.00015562327511503549 4.2274889030357709e-06 9.3163206740243254e-05 -0.00021987538409708394
 0.050000742366482435 -0.00014324209414212641 4.1689429127000997e-06 0.00015971682457660563 -0.00021983339494633904
 0.049999379060668141 -0.00012916390147937884 4.1027669651645237e-06 0.00021983284891069488 -0.00021979203067703316
 0.049998163631516324 -0.00011372296859935016 4.0305029441764593e-06 0.00027286998404862928 -0.00021975135990247018
 0.04999710801707366 -9.725728435644454e-05 3.9537065552723051e-06 0.000318342835845975 -0.00021971143572489839
 0.049996220781632163 -8.0102656735692168e-05 3.8739203660504568e-06 0.00035592111960758288 -0.00021967229573341827
 0.049995507165495869 -6.2587190117813218e-05 3.7926486161597717e-06 0.00038542630467830463 -0.00021963396226292868
 0.049994969187795474 -4.5026209375464976e-05 3.7113341190230225e-06 0.00040682589940654879 -0.00021959644289476117
 0.049994605797574108 -2.7717690504858172e-05 3.6313375236141261e-06 0.0004202256081637934 -0.00021955973117669726
 0.049994413067830104 -1.0938245546543435e-05 3.5539191495239601e-06 0.00042585961457053401 -0.00021952380753765632
 0.049994384426785429 5.0603025158468817e-06 3.4802235529963598e-06 0.0004240792620024969 -0.00021948864037048602
 0.049994510920351419 2.0053731163982569e-05 3.4112669266479247e-06 0.0004153404138316219 -0.00021945418725498718
 0.049994781499585361 3.3847604030023959e-05 3.3479273819966154e-06 0.00040018978184130916 -0.00021942039629254642
 0.049995183326867317 4.6278830041435182e-05 3.2909381126487378e-06 0.00037925051202725157 -0.00021938720752351793
 0.049995702094572179 5.7216605796051034e-05 3.2408833876345841e-06 0.00035320731288912555 -0.00021935455439876117
 0.049996322350159397 6.6562760748067884e-05 3.1981972797075903e-06 0.00032279140262492234 -0.00021932236527747354
 0.049997027821843877 7.4251533705937955e-05 3.1631649928794223e-06 0.0002887655387957544 -0.00021929056492461514
 0.049997801739337204 8.024881707080489e-05 3.1359266175414076e-06 0.00025190937752972431 -0.00021925907598276353
 0.049998627144547746 8.4550912102687725e-05 3.1164831105618112e-06 0.00021300538956658954 -0.0002192278203951119
 0.049999487187590723 8.7182844240418778e-05 3.1047042719630977e-06 0.0001728255380424315 -0.00021919672075848375
 0.050000365403973512 8.819629208323132e-05 3.1003384693103261e-06 0.00013211889831987733 -0.00021916570158762779
 0.050001245969375621 8.7667187061712948e-05 3.1030238458666475e-06 9.160037397482057e-05 -0.00021913469047462526
 0.050002113929025142 8.5693043085754983e-05 3.1123007387555066e-06 5.1940635753755515e-05 -0.00021910361912993472
 0.05000295539927322 8.2390076596328132e-05 3.1276250287675788e-06 1.3757382464341106e-05 -0.0002190724242943646
 0.050003757739573267 7.7890177499595481e-05 3.1483821437432082e-06 -2.2392005150972949e-05 -0.00021904104851404934
 0.050004509693672546 7.233779049498068e-05 3.17390144247468e-06 -5.6016374038847516e-05 -0.00021900944077326485
 0.050005201499410123 6.5886764401112963e-05 3.2034707153317469e-06 -8.6695255057556153e-05 -0.00021897755698260644
 0.050005824967077749 5.8697224305848117e-05 3.2363505510237499e-06 -0.00011408187437789152 -0.00021894536032262735
 0.050006373526831918 5.0932517841273395e-05 3.2717883355457174e-06 -0.0001379047523752952 -0.00021891282144546171
 0.050006842246137322 4.275628268324283e-05 3.3090316689915987e-06 -0.00015796794429512317 -0.00021887991853919875
 0.050007227818670119 3.4329677636113498e-05 3.3473410080131754e-06 -0.00017414999665188446 -0.00021884663726181051
 0.050007528526507035 2.5808814474725938e-05 3.3860013657737841e-06 -0.00018640171069694844 -0.0002188129705532375
 0.050007744177771048 1.7342422206301222e-05 3.4243329267576953e-06 -0.00019474281910403235 -0.00021877891833579284
 0.050007876022192185 9.0697696840114084e-06 3.4617004602381651e-06 -0.00019925769419337769 -0.0002187444871143392
 0.050007926647272438 1.1188666730888031e-06 3.4975214430975603e-06 -0.00020009021552258588 -0.00021870968948872125
 0.050007899857915449 -6.3950423725422922e-06 3.5312728295106965e-06 -0.00019743793144932908 -0.00021867454359169444
 0.050007800542495352 -1.3370683303093323e-05 3.5624964313781329e-06 -0.00019154565343271202 -0.00021863907246608393
 0.050007634528396364 -1.9721653073900836e-05 3.5908028988148547e-06 -0.00018269862338904375 -0.00021860330339514041
 0.050007408430057861 -2.5377018677996688e-05 3.6158743141681549e-06 -0.00017121539355446913 -0.00021856726720004404
 0.050007129492511085 -3.0281621479000265e-05 3.6374654355860337e-06 -0.0001574405551254543 -0.00021853099751825965
 0.050006805433298135 -3.4396098748445958e-05 3.6554036467997732e-06 -0.0001417374466599064 -0.00021849453007598025
 0.050006444285524899 -3.7696638291728757e-05 3.6695876882862546e-06 -0.00012448096604122938 -0.00021845790196723565
 0.050006054244622622 -4.0174485622102019e-05 3.6799852611573043e-06 -0.00010605060095114638 -0.00021842115095140806
 0.050005643521182294 -4.1835226188335906e-05 3.6866296088391634e-06 -8.6823782528444582e-05 -0.00021838431477991241
 0.050005220201988256 -4.2697867648655574e-05 3.6896151927488189e-06 -6.7169655420862284e-05 -0.00021834743056169071
 0.050004792121117345 -4.2793749115421775e-05 3.6890925867567002e-06 -4.7443345101427781e-05 -0.00021831053417596259
 0.050004366742693235 -4.2165305655095242e-05 3.6852627211775117e-06 -2.7980790302972736e-05 -0.00021827365973939428
 0.050003951056598529 -4.0864717137656381e-05 3.6783706104722303e-06 -9.0941950179335151e-06 -0.00021823683913352174
 0.050003551488154184 -3.8952470806097317e-05 3.6686986998083707e-06 8.9318590434928069e-06 -0.00021820010159691509
 0.050003173822483017 -3.6495866698904589e-05 3.6565599642909667e-06 2.5843612071696498e-05 -0.00021816347338522404
 0.050002823143985957 -3.3567494344133308e-05 3.6422908911270396e-06 4.1420623578591886e-05 -0.00021812697750092319
 0.05000250379108067 -3.0243707998978131e-05 3.6262444694894203e-06 5.5477565937600559e-05 -0.00021809063349329834
 0.050002219326087186 -2.6603126160762436e-05 3.6087833055384842e-06 6.7865324330007581e-05 -0.00021805445732800267
 0.050001972519896888 -2.2725179194438283e-05 3.5902729712150062e-06 7.847142442640731e-05 -0.00021801846132438036
 0.050001765350833324 -1.8688726738824712e-05 3.5710756852429682e-06 8.721981923320854e-05 -0.00021798265415771883
 0.050001599016908822 -1.4570764137522563e-05 3.551544413529957e-06 9.4070075516317075e-05 -0.00021794704092266152
 0.050001473960501273 -1.0445234537193038e-05 3.5320174641135897e-06 9.9016007956809204e-05 -0.00021791162325320143
 0.050001389904322402 -6.3819605623516296e-06 3.5128136391395729e-06 0.00010208381575038672 -0.00021787639949398681
 0.050001345897424027 -2.4457066656324855e-06 3.4942279934148824e-06 0.00010332978157778783 -0.00021784136491710999
 0.050001340369891796 1.3046195824761853e-06 3.4765282360331266e-06 0.00010283759677554016 -0.00021780651197812027
 0.050001371194807451 4.8166218120093696e-06 3.4599517986465527e-06 0.00010071537917255569 -0.00021777183060470173
 0.050001435756019993 8.0449220719036596e-06 3.4447035813945509e-06 9.7092451422309267e-05 -0.00021773730851128411
 0.050001531020252003 1.0951520864221909e-05 3.4309543754810004e-06 9.2115947743831583e-05 -0.00021770293153280541
 0.050001653612079491 1.3506012397079825e-05 3.4188399500503092e-06 8.5947316030399179e-05 -0.00021766868397091245
 0.050001799890359008 1.5685659752240344e-05 3.4084607805641952e-06 7.8758780150955943e-05 -0.00021763454894606216
 0.050001966024733446 1.7475336749506187e-05 3.3998823863901507e-06 7.0729824240167716e-05 -0.00021760050874926229
 0.050002148070925269 1.8867345145001657e-05 3.3931362369335992e-06 6.2043756843266351e-05 -0.00021756654518755665
 0.050002342043620446 1.986111739826768e-05 3.3882211784069718e-06 5.288440811090922e-05 -0.00021753263991780301
 0.050002543985855567 2.0462816582356158e-05 3.3851053273335069e-06 4.3433007959947645e-05 -0.00021749877476380264
 0.050002750033942202 2.0684846074425778e-05 3.3837283721165588e-06 3.3865287313084025e-05 -0.00021746493201240408
 0.050002956477092624 2.0545282454986769e-05 3.3840042205409565e-06 2.4348838338461576e-05 -0.00021743109468480839
 0.050003159811048609 2.0067245568244907e-05 3.3858239287829026e-06 1.5040763236218169e-05 -0.00021739724677993769
 0.050003356785155807 1.9278219945184638e-05 3.3890588465085216e-06 6.085634515873295e-06 -0.0002173633734873786
 0.050003544442468385 1.8209341799635403e-05 3.3935639127432964e-06 -2.3862168014865404e-06 -0.00021732946136806657
 0.050003720152609892 1.6894665564259892e-05 3.3991810384165298e-06 -1.0260075123280643e-05 -0.00021729549850152568
 0.05000388163725368 1.5370423480820516e-05 3.4057425137166888e-06 -1.7437872651182573e-05 -0.00021726147459910839
 0.050004026988218431 1.3674291095167046e-05 3.4130743815120879e-06 -2.3838882440951892e-05 -0.00021722738108328416
 0.050004154678298586 1.18446706714459e-05 3.4209997220565128e-06 -2.9400079988306516e-05 -0.00021719321113359354
 0.05000426356506487 9.9200035499347194e-06 3.4293417988326153e-06 -3.4076186303799716e-05 -0.00021715895970040973
 0.050004352887974904 7.9381213494711389e-06 3.4379270205874782e-06 -3.783941004620317e-05 -0.00021712462348812581
 0.050004422259226723 5.9356446971414734e-06 3.4465876803133153e-06 -4.0678910340652408e-05 -0.00021709020090980645
 0.050004471648868613 3.9474368659919712e-06 3.4551644379134539e-06 -4.2600005368154115e-05 -0.00021705569201570626
 0.050004501364745498 2.0061183577668729e-06 3.4635085195205365e-06 -4.3623154627692173e-05 -0.00021702109839835849
 0.050004512027915969 1.4164709188912994e-07 3.4714836127578124e-06 -4.3782745009046664e-05 -0.00021698642307717601
 0.050004504544213423 -1.6190325057285904e-06 3.478967443532521e-06 -4.3125712346547829e-05 -0.00021695167036568267
 0.050004480072651326 -3.2522695708192551e-06 3.4858530261296702e-06 -4.1710031103203704e-05 -0.00021691684572460598
 0.050004439991385159 -4.7379153846893729e-06 3.4920495843608276e-06 -3.960310515216392e-05 -0.000216881955604114
 0.050004385861943952 -6.05946107234967e-06 3.4974831471606092e-06 -3.6880092407098886e-05 -0.00021684700727847366
 0.050004319392432432 -7.204106171831981e-06 3.5020968273196621e-06 -3.3622195286575618e-05 -0.00021681200867634671
 0.050004242400381774 -8.1627608908285687e-06 3.505850796869589e-06 -2.9914947715869999e-05 -0.00021677696820982827
 0.050004156775894017 -8.9299858239688668e-06 3.5087219769592767e-06 -2.5846527683004439e-05 -0.00021674189460517564
 0.050004064445683082 -9.5038737366603954e-06 3.5107034638418369e-06 -2.15061222670343e-05 -0.00021670679673797713
 0.050003967338565804 -9.8858787307976037e-06 3.5118037157797887e-06 -1.6982369609674919e-05 -0.00021667168347527834
 0.05000386735289996 -1.0080598691009079e-05 3.5120455282873064e-06 -1.2361899633273055e-05 -0.00021663656352692145
 0.0500037663264052 -1.0095517351094152e-05 3.5114648271011677e-06 -7.7279923571538234e-06 -0.00021660144530806863
 0.050003666008737568 -9.9407126413764146e-06 3.510109309646809e-06 -3.1593696361298385e-06 -0.00021656633681457931
 0.050003568037120645 -9.6285381581129315e-06 3.508036966563214e-06 1.2708670209526929e-06 -0.00021653124551259892
 0.050003473915267674 -9.1732846558834069e-06 3.5053145150348939e-06 5.4961430966393721e-06 -0.0002164961782433998
 0.050003384995760021 -8.5908284057634177e-06 3.5020157753513567e-06 9.4571558331146832e-06 -0.00021646114114419861
 0.050003302465979914 -7.8982730859489259e-06 3.4982200212570723e-06 1.3102453920943447e-05 -0.00021642613958536397
 0.050003227337629755 -7.1135916014375411e-06 3.4940103333484795e-06 1.6388851830750895e-05 -0.00021639117812412937
 0.050003160439808389 -6.2552738602783542e-06 3.4894719830361708e-06 1.9281681310712173e-05 -0.00021635626047464119
 0.05000310241555625 -5.3419860876480207e-06 3.4846908724902887e-06 2.1754885193292495e-05 -0.0002163213894939074
 0.050003053721728405 -4.3922467466983584e-06 3.4797520536017108e-06 2.3790960975489384e-05 -0.00021628656718297002
 0.050003014632006404 -3.4241235605247944e-06 3.4747383463222883e-06 2.5380763761795322e-05 -0.00021625179470240671
 0.050002985242817849 -2.4549555225905628e-06 3.4697290739198108e-06 2.6523179949666797e-05 -0.00021621707240107788
 0.050002965481897262 -1.5011031305189881e-06 3.464798929694651e-06 2.7224684597371152e-05 -0.00021618239985687475
 0.050002955119192359 -5.7772942824163565e-07 3.4600169866779579e-06 2.7498796566050032e-05 -0.00021614777592809367
 0.050002953779797729 3.0138623474673665e-07 3.4554458587419349e-06 2.7365446504834523e-05 -0.00021611319881396213
 0.050002960958581734 1.1240004724744068e-06 3.4511410185460341e-06 2.6850273297185367e-05 -0.00021607866612277277
 0.050002976036163507 1.8795235494639684e-06 3.4471502747678451e-06 2.598386491303728e-05 -0.00021604417494604244
 0.050002998295893705 2.5591024955251562e-06 3.4435134082721683e-06 2.4800959637971687e-05 -0.00021600972193710268
 0.050003026941495693 3.1556702336232867e-06 3.4402619641994182e-06 2.3339623379303731e-05 -0.00021597530339254547
 0.050003061115032624 3.6639618486433712e-06 3.4374191945170038e-06 2.1640418268908945e-05 -0.00021594091533499015
 0.050003099914879418 4.0804996108145808e-06 3.4350001433575313e-06 1.974557703876556e-05 -0.00021590655359570384
 0.050003142413397116 4.4035488001581413e-06 3.4330118654992033e-06 1.7698196732141014e-05 -0.00021587221389569373
 0.050003187674029413 4.6330467530775188e-06 3.431453766674546e-06 1.5541464192025956e-05 -0.00021583789192399554
 0.050003234767567073 4.7705078620174923e-06 3.4303180529754625e-06 1.3317924537403769e-05 -0.00021580358341200228
 0.050003282787354414 4.8189075076976451e-06 3.429590275538406e-06 1.1068802451497106e-05 -0.00021576928420281058
 0.050003330863242872 4.7825480868901593e-06 3.4292499558683919e-06 8.8333846717247866e-06 -0.00021573499031470462
 0.050003378174128997 4.6669104165064645e-06 3.4292712766501206e-06 6.6484705461000715e-06 -0.00021570069799804653
 0.050003423958947267 4.47849385465382e-06 3.4296238226756964e-06 4.5478959904698968e-06 -0.00021566640378499529
 0.050003467526021611 4.2246484746044644e-06 3.4302733565323013e-06 2.5621346386728305e-06 -0.00021563210453162991
 0.050003508260712627 3.9134025714981924e-06 3.4311826140284198e-06 7.1797844602983218e-07 -0.00021559779745220457
 0.050003545631329853 3.5532886716871381e-06 3.4323121048175122e-06 -9.6170142116491775e-07 -0.0002155634801454119
 0.050003579193309194 3.1531710556476078e-06 3.4336209044864147e-06 -2.4581140305457438e-06 -0.00021552915061267124
 0.050003608591685011 2.7220776101510857e-06 3.4350674252483105e-06 -3.7566303334735096e-06 -0.00021549480726859317
 0.050003633561913202 2.2690385874657437e-06 3.436610153524167e-06 -4.8467901248017142e-06 -0.00021546044894389305
 0.050003653929126236 1.802934588401861e-06 3.4382083439071526e-06 -5.7222384910460278e-06 -0.00021542607488113879
 0.050003669605922604 1.332355794081419e-06 3.4398226603368168e-06 -6.3805968597563378e-06 -0.00021539168472381576
 0.050003680588812244 8.6547417066373811e-07 3.441415756735974e-06 -6.8232745746854562e-06 -0.00021535727849927692
 0.050003686953454807 4.0993004757350349e-07 3.4429527908245213e-06 -7.0552275910351625e-06 -0.00021532285659621597
 0.050003688848840176 -2.7265845470303418e-08 3.4444018663045729e-06 -7.0846713784433746e-06 -0.00021528841973735712
 0.050003686490570055 -4.3981412439775269e-07 3.4457344000905776e-06 -6.9227554915229916e-06 -0.00021525396894809574
 0.050003680153405047 -8.2219183750176228e-07 3.4469254127217613e-06 -6.5832074973570798e-06 -0.00021521950552184967
 0.050003670163244945 -1.1697007532562864e-06 3.4479537414768089e-06 -6.0819539817735802e-06 -0.00021518503098289318
 0.050003656888709558 -1.4784990031158074e-06 3.4488021770607506e-06 -5.4367263548904532e-06 -0.00021515054704744312
 0.050003640732484714 -1.7456165036233706e-06 3.4494575259333589e-06 -4.6666589432753369e-06 -0.00021511605558375231
 0.050003622122592406 -1.9689548295120929e-06 3.4499106015242927e-06 -3.7918865709585248e-06 -0.00021508155857193818
 0.050003601503736367 -2.1472724335835913e-06 3.4501561485540504e-06 -2.8331484314136901e-06 -0.00021504705806423777
 0.050003579328864158 -2.280156303546832e-06 3.4501927055887935e-06 -1.8114045547967805e-06 -0.00021501255614633286
 0.050003556051075398 -2.3679813122012838e-06 3.4500224116685522e-06 -7.4747058809165878e-07 -0.0002149780549003345
 0.05000353211599224 -2.411858650852583e-06 3.449650763501233e-06 3.3832400792022099e-07 -0.00021494355636995379
 0.050003507954693958 -2.4135748404874313e-06 3.4490863301209901e-06 1.4264499621496896e-06 -0.00021490906252831954
 0.050003483977301956 -2.3755228890087743e-06 3.4483404322699102e-06 2.4984606832312295e-06 -0.00021487457524883177
 0.050003460567285808 -2.3006272019676643e-06 3.4474267939163528e-06 3.5372403255351514e-06 -0.00021484009627936685
 0.050003438076544698 -2.192263868994182e-06 3.4463611733694718e-06 4.5272152133790655e-06 -0.00021480562722007586
 0.050003416821302368 -2.0541779331972876e-06 3.4451609813722535e-06 5.4545271868100542e-06 -0.00021477116950494284
 0.050003397078837893 -1.8903992075047782e-06 3.4438448933374766e-06 6.3071681344339936e-06 -0.00021473672438719732
 0.050003379085059384 -1.7051581370219893e-06 3.4424324625943661e-06 7.0750756782089752e-06 -0.00021470229292860495
 0.050003363032912765 -1.5028031208896842e-06 3.4409437410804627e-06 7.7501906408095067e-06 -0.00021466787599259369
 0.050003349071604655 -1.2877205997074981e-06 3.4393989134409546e-06 8.3264775168068184e-06 -0.00021463347424111075
 0.050003337306605493 -1.0642590936860152e-06 3.4378179499189657e-06 8.799909731127542e-06 -0.00021459908813504876
 0.050003327800388131 -8.3665824246459408e-07 3.4362202827823568e-06 9.1684219576393389e-06 -0.00021456471793802908
 0.05000332057384714 -6.0898375275897365e-07 3.4346245104007172e-06 9.4318321846031949e-06 -0.00021453036372328572
 0.050003315608335944 -3.8506900801316135e-07 3.4330481323337908e-06 9.5917365912079333e-06 -0.00021449602538335604
 0.050003312848251914 -1.6846394074176985e-07 3.4315073181297e-06 9.6513805467601799e-06 -0.00021446170264225373
 0.050003312204094597 3.7608391734167412e-08 3.4300167117700016e-06 9.6155092870198189e-06 -0.00021442739506977716
 0.050003313555918347 2.3028723827867026e-07 3.4285892730075412e-06 9.490201938966436e-06 -0.00021439310209758934
 0.050003316757098695 4.0710145593481073e-07 3.4272361561476627e-06 9.282692648326929e-06 -0.00021435882303669763
 0.050003321638331051 5.6598869124790951e-07 3.4259666261602338e-06 9.0011825539804136e-06 -0.00021432455709595851
 0.050003328011781187 7.053065836926109e-07 3.4247880113815431e-06 8.6546463036185628e-06 -0.00021429030340123741
 0.050003335675308916 8.2383626137660926e-07 3.4237056915167353e-06 8.2526366687041275e-06 -0.00021425606101486386
 0.050003344416689757 9.2077851365779395e-07 3.4227231190948719e-06 7.8050906644477891e-06 -0.00021422182895503746
 0.050003354017763707 9.9574312489858485e-07 3.4218418721132342e-06 7.3221403424916787e-06 -0.00021418760621486136
 0.050003364258445447 1.0487319422880503e-06 3.4210617351800986e-06 6.8139311761861165e-06 -0.00021415339178070442
 0.050003374920536657 1.0801163221052512e-06 3.4203808061618497e-06 6.2904506510363944e-06 -0.00021411918464962174
 0.050003385791287498 1.0906096563068068e-06 3.4197956250748857e-06 5.7613693549285472e-06 -0.00021408498384559483
 0.050003396666661898 1.0812357252865112e-06 3.4193013217704345e-06 5.2358965350052245e-06 -0.00021405078843438581
 0.050003407354268711 1.0532936483009792e-06 3.4188917788576141e-06 4.7226517083664987e-06 -0.00021401659753683569
 0.050003417675928599 1.0083202152122439e-06 3.4185598062402497e-06 4.2295535647163263e-06 -0.0002139824103404722
 0.050003427469854464 9.4805038630685345e-07 3.4182973236746191e-06 3.763727042915832e-06 -0.00021394822610932933
 0.050003436592430874 8.7437672663392974e-07 3.4180955478064698e-06 3.3314290903696531e-06 -0.00021391404419191589
 0.050003444919585666 7.8930852148717534e-07 3.4179451802924567e-06 2.9379932930950758e-06 -0.0002138798640273055
 0.050003452347754052 6.949312760240467e-07 3.4178365937735568e-06 2.5877932117168712e-06 -0.00021384568514935362
 0.050003458794442381 5.9336726060399414e-07 3.4177600127019946e-06 2.2842239713050105e-06 -0.00021381150718907796
 0.050003464198405186 4.867377035311371e-07 3.4177056862680182e-06 2.0297013665349084e-06 -0.00021377732987526825
 0.050003468519454607 3.7712717398941109e-07 3.4176640509820874e-06 1.8256774909630735e-06 -0.00021374315303341622
 0.050003471737926665 2.665506267929274e-07 3.4176258807624982e-06 1.6726716727255564e-06 -0.0002137089765830809
 0.050003473853832928 1.5692351179596997e-07 3.4175824227275844e-06 1.570315325327698e-06 -0.00021367480053382284
 0.050003474885730044 5.0035273924109447e-08 3.4175255172270904e-06 1.5174091574365889e-06 -0.00021364062497985847
 0.050003474869342271 -5.2473505651740027e-08 3.417447701004224e-06 1.5119910594663111e-06 -0.0002136064500935974
 0.050003473855974395 -1.4913015061734924e-07 3.4173422927134042e-06 1.5514129314553315e-06 -0.00021357227611823608
 0.050003471910753786 -2.3864501325077114e-07 3.4172034603767183e-06 1.6324246288057509e-06 -0.00021353810335958618
 0.050003469110740939 -3.1992265120406316e-07 3.4170262706802092e-06 1.7512632082272717e-06 -0.00021350393217731939
 0.05000346554294785 -3.9206909485667296e-07 3.4168067203237985e-06 1.9037456833181921e-06 -0.00021346976297580923
 0.050003461302302883 -4.5439530982349652e-07 3.4165417499227094e-06 2.0853635018802663e-06 -0.00021343559619474715
 0.050003456489599377 -5.0641701265785599e-07 3.416229241244486e-06 2.2913770854060544e-06 -0.00021340143229970368
 0.05000345120946343 -5.4785105418897473e-07 3.4158679987664978e-06 2.5169088107013238e-06 -0.00021336727177279652
 0.050003445568374029 -5.7860862712200145e-07 3.4154577167751742e-06 2.7570329828030538e-06 -0.00021333311510361646
 0.050003439672765715 -5.9878559538484311e-07 3.414998933395615e-06 3.0068614385037051e-06 -0.00021329896278054889
 0.05000343362724096 -6.086502731261767e-07 3.4144929730603544e-06 3.2616236085303285e-06 -0.00021326481528261408
 0.050003427532916131 -6.0862900519431662e-07 3.4139418790639624e-06 3.5167399987656722e-06 -0.00021323067307193376
 0.050003421485921011 -5.9928991791302622e-07 3.4133483379022132e-06 3.7678882329750252e-06 -0.00021319653658691468
 0.050003415576068473 -5.813252186848139e-07 3.412715597132061e-06 4.0110609886845339e-06 -0.0002131624062362227
 0.050003409885706784 -5.5553242583883389e-07 3.4120473785250946e-06 4.2426152901953174e-06 -0.00021312828239360306
 0.050003404488763351 -5.227949052555303e-07 3.4113477882227392e-06 4.459312855864539e-06 -0.00021309416539358586
 0.050003399449985123 -4.8406208075224555e-07 3.4106212255984383e-06 4.6583513126918774e-06 -0.00021306005552809752
 0.050003394824376948 -4.4032967111418131e-07 3.409872292412788e-06 4.8373862866490924e-06 -0.00021302595304398364
 0.050003390656836136 -3.9262028339592803e-07 3.4091057037916473e-06 4.9945445272925326e-06 -0.00021299185814143234
 0.050003386981977906 -3.419646688040956e-07 3.4083262024115369e-06 5.1284283459906987e-06 -0.00021295777097327285
 0.05000338382414389 -2.8938391843924549e-07 3.407538477143493e-06 5.2381118047506448e-06 -0.00021292369164511109
 0.050003381197582936 -2.3587284414539056e-07 3.4067470872838155e-06 5.3231291912148038e-06 -0.00021288962021625155
 0.050003379106791195 -1.8238475663068243e-07 3.4059563933143151e-06 5.3834564113230954e-06 -0.00021285555670134509
 0.050003377546996797 -1.2981781521981262e-07 3.4051704949811419e-06 5.4194860239498155e-06 -0.00021282150107269308
 0.050003376504772525 -7.9003089903384449e-08 3.4043931773197322e-06 5.4319967084381915e-06 -0.00021278745326313138
 0.050003375958758853 -3.0694437991307666e-08 3.4036278650732138e-06 5.4221179799363028e-06 -0.00021275341316941262
 0.050003375880478922 1.4439740514404775e-08 3.4028775857892005e-06 5.3912910407127868e-06 -0.00021271938065600085
 0.050003376235226292 5.582283463256843e-08 3.4021449417109828e-06 5.3412266338703773e-06 -0.00021268535555919144
 0.05000337698300663 9.2974448306915036e-08 3.4014320904492395e-06 5.2738607880797872e-06 -0.00021265133769146795
 0.050003378079514105 1.2551295242024807e-07 3.4007407342300042e-06 5.1913093099820173e-06 -0.00021261732684600936
 0.050003379477124243 1.5315623019818148e-07 3.4000721174283228e-06 5.0958218720253967e-06 -0.0002125833228012629
 0.050003381125885642 1.7572070520888161e-07 3.3994270319359209e-06 4.9897364853279669e-06 -0.00021254932532550208
 0.0500033829744937 1.9311876814365192e-07 3.3988058298415995e-06 4.8754350991941919e-06 -0.00021251533418129395
 0.050003384971231343 2.0535473760352474e-07 3.3982084427699316e-06 4.7553010174006261e-06 -0.0002124813491298057
 0.050003387064862494 2.125195061042362e-07 3.3976344071869752e-06 4.6316787338795962e-06 -0.00021244736993488746
 0.050003389205466223 2.1478403816610481e-07 3.3970828948980125e-06 4.5068367264811116e-06 -0.00021241339636687536
 0.050003391345200814 2.1239189529342895e-07 3.3965527479228649e-06 4.3829336764389382e-06 -0.00021237942820606705
 0.050003393438988977 2.056509683656671e-07 3.3960425169176321e-06 4.2619884648154027e-06 -0.00021234546524583013
 0.050003395445117213 1.9492460384684662e-07 3.3955505022915423e-06 4.1458542452410541e-06 -0.00021231150729531198


# name: y
# type: matrix
# rows: 501
# columns: 1
 0
 -0.0015115081295281538
 -0.0017834687609325779
 -0.0020002083521273462
 -0.002170712734977283
 -0.0022948500697533071
 -0.0023731967847323539
 -0.0024070656890233552
 -0.002398442250369978
 -0.0023499125646895469
 -0.002264585355942332
 -0.0021460096666268019
 -0.0019980898708854807
 -0.0018249995934399841
 -0.0016310960450257707
 -0.0014208361912088322
 -0.0011986960592352755
 -0.00096909435983763103
 -0.00073632146073717905
 -0.00050447459901309323
 -0.00027740006361142724
 -5.8642920025593062e-05
 0.00014859531053461545
 0.00034149076264272334
 0.00051762302669549481
 0.00067499268102356015
 0.00081203073616240495
 0.00092760029705879878
 0.0010209908623099507
 0.0010919057792960866
 0.0011404434593726186
 0.0011670730275314747
 0.0011726051358062236
 0.0011581587091431277
 0.0011251244167122879
 0.0010751256711547287
 0.0010099779537386154
 0.00093164724571367583
 0.00084220831636087554
 0.00074380357753103419
 0.00063860316416287271
 0.00052876684176538825
 0.00041640827659677701
 0.00030356213375742143
 0.00019215439412595685
 8.3976204471539239e-05
 -1.9338502407183385e-05
 -0.00011633145768096768
 -0.00020573449207045096
 -0.00028647994482867306
 -0.00035770710236991015
 -0.00041876478633617702
 -0.00046921026877448299
 -0.00050880474366621332
 -0.00053750562880020654
 -0.00055545600955224589
 -0.00056297156630623541
 -0.00056052534994386369
 -0.00054873078508818488
 -0.00052832328878259704
 -0.00050014089330290825
 -0.0004651042562204583
 -0.00042419642913131528
 -0.00037844273918901587
 -0.00032889111533703874
 -0.00027659316459131248
 -0.00022258627356648597
 -0.00016787697738689989
 -0.00011342580289662148
 -6.0133756399823393e-05
 -8.8305887238817465e-06
 3.9735067124050186e-05
 8.4903627404743064e-05
 0.00012611053572199912
 0.00016289029939366866
 0.00019487862777464921
 0.00022181274560368995
 0.00024352998094269072
 0.00025996475057727363
 0.00027114408564237673
 0.00027718185658754833
 0.00027827186933208035
 0.00027468001357351581
 0.00026673564975936408
 0.00025482242332250339
 0.0002393686935792652
 0.00022083776040475477
 0.00019971806468189373
 0.00017651352885131918
 0.00015173419197794498
 0.00012588727992578468
 9.9468835837925691e-05
 7.2956019502509956e-05
 4.6800166697842432e-05
 2.1420681594515279e-05
 -2.8001829170149362e-06
 -2.5521620191143804e-05
 -4.6447620967736457e-05
 -6.5329378544796242e-05
 -8.1966761872901729e-05
 -9.6208885340005922e-05
 -0.00010795381755548689
 -0.0001171474834931476
 -0.00012378182479713781
 -0.00012789229180909523
 -0.00012955474788901443
 -0.00012888187185848966
 -0.00012601914790555326
 -0.00012114053409666603
 -0.00011444390081096346
 -0.00010614632903581779
 -9.6479355653103982e-05
 -8.568424873182435e-05
 -7.4007390569079748e-05
 -6.1695839943126836e-05
 -4.8993137922676748e-05
 -3.6135413783831925e-05
 -2.334783928977912e-05
 -1.0841470957082509e-05
 1.18948886944901e-06
 1.2569990126018969e-05
 2.3145978994306652e-05
 3.2785782796288963e-05
 4.1381038898666246e-05
 4.8847178198630197e-05
 5.5123480646989678e-05
 6.0172726459858028e-05
 6.3980472111616234e-05
 6.655398484145883e-05
 6.7920873211545782e-05
 6.8127454210511942e-05
 6.7236899500942079e-05
 6.5327204676895231e-05
 6.248902585442211e-05
 5.8823427603161595e-05
 5.4439585190151855e-05
 4.945248240687916e-05
 4.3980643953977485e-05
 3.8143938537816722e-05
 3.2061485566940284e-05
 2.5849694704571961e-05
 1.9620463618166785e-05
 1.3479555150513502e-05
 7.5251708998634679e-06
 1.8467339172646442e-06
 -3.4761110179585848e-06
 -8.3742752291736649e-06
 -1.2789781744437659e-05
 -1.6676102091065176e-05
 -1.9998281187942092e-05
 -2.2732860408085408e-05
 -2.4867611699934443e-05
 -2.6401098093304645e-05
 -2.7342077955573498e-05
 -2.770877199406805e-05
 -2.7528013217860154e-05
 -2.6834300879538617e-05
 -2.5668779824918574e-05
 -2.4078166702281179e-05
 -2.2113644144177271e-05
 -1.9829743360642209e-05
 -1.7283234603420556e-05
 -1.4532043710542173e-05
 -1.1634211455849525e-05
 -8.6469107473841501e-06
 -5.6255348813295369e-06
 -2.6228681044228493e-06
 3.1165229303167265e-07
 3.1325752006985778e-06
 5.7989711461040733e-06
 8.274860941924261e-06
 1.0529536449085247e-05
 1.2537774258290259e-05
 1.4279944847517354e-05
 1.5742021384111942e-05
 1.6915493788512625e-05
 1.7797194947412982e-05
 1.8389047046028914e-05
 1.8697736874867142e-05
 1.8734329652247408e-05
 1.8513831389847758e-05
 1.8054710117959647e-05
 1.7378386386442991e-05
 1.650870337574213e-05
 1.5471386701615799e-05
 1.429350359128073e-05
 1.3002930563306338e-05
 1.1627838075940191e-05
 1.0196199836879543e-05
 8.7353336107856474e-06
 7.2714794383428594e-06
 5.8294202117069576e-06
 4.4321485547186169e-06
 3.100582950632232e-06
 1.853335062749692e-06
 7.0652922057562288e-07
 -3.2632588915001287e-07
 -1.2344141674888471e-06
 -2.0096393409457184e-06
 -2.6466048891355537e-06
 -3.1425497178641428e-06
 -3.4972432018537131e-06
 -3.7128436964689246e-06
 -3.7937249967650785e-06
 -3.7462755039913663e-06
 -3.5786750452746277e-06
 -3.3006543839536259e-06
 -2.9232424597637995e-06
 -2.4585063149733417e-06
 -1.9192885008705116e-06
 -1.3189465259575914e-06
 -6.7109861083504072e-07
 1.0620336329337024e-08
 7.1278900658656302e-07
 1.422413155200428e-06
 2.1271196208971603e-06
 2.8153287532186374e-06
 3.4764035882757331e-06
 4.100774599613121e-06
 4.6800393291067735e-06
 5.2070366652471386e-06
 5.6758959759246538e-06
 6.0820617138813201e-06
 6.4222944899904044e-06
 6.6946499481656142e-06
 6.8984370724268357e-06
 7.0341578089216927e-06
 7.1034300918059769e-06
 7.1088965210215106e-06
 7.0541210521850306e-06
 6.943476124849756e-06
 6.782022676834901e-06
 6.5753854713559903e-06
 6.3296261031177154e-06
 6.0511159526413418e-06
 5.7464112286035197e-06
 5.4221320799274428e-06
 5.0848475770691112e-06
 4.7409681598470366e-06
 4.3966469318384386e-06
 4.0576909532776852e-06
 3.7294834500567389e-06
 3.4169176201168366e-06
 3.1243424843249365e-06
 2.8555210006536019e-06
 2.6136004416771157e-06
 2.4010948291067723e-06
 2.2198790281780737e-06
 2.07119393139262e-06
 1.9556620073750159e-06
 1.8733123578944331e-06
 1.8236143153886782e-06
 1.8055185252879337e-06
 1.8175043921934714e-06
 1.8576327263123901e-06
 1.9236024059502387e-06
 2.0128098723272078e-06
 2.1224102933579004e-06
 2.2493792717973027e-06
 2.3905740285906207e-06
 2.5427930625265827e-06
 2.7028333703009791e-06
 2.867544404731295e-06
 3.0338780509836429e-06
 3.1989340089951922e-06
 3.3600000827029367e-06
 3.5145869910241812e-06
 3.6604574298161954e-06
 3.7956492262678117e-06
 3.918492535662536e-06
 4.0276211335191648e-06
 4.121977952388934e-06
 4.2008151008125771e-06
 4.2636886810952339e-06
 4.3104487918550153e-06
 4.3412251601107621e-06
 4.3564088956394176e-06
 4.3566308972338257e-06
 4.3427374663976889e-06
 4.3157636990540441e-06
 4.2769052304417101e-06
 4.2274889030357709e-06
 4.1689429127000997e-06
 4.1027669651645237e-06
 4.0305029441764593e-06
 3.9537065552723051e-06
 3.8739203660504568e-06
 3.7926486161597717e-06
 3.7113341190230225e-06
 3.6313375236141261e-06
 3.5539191495239601e-06
 3.4802235529963598e-06
 3.4112669266479247e-06
 3.3479273819966154e-06
 3.2909381126487378e-06
 3.2408833876345841e-06
 3.1981972797075903e-06
 3.1631649928794223e-06
 3.1359266175414076e-06
 3.1164831105618112e-06
 3.1047042719630977e-06
 3.1003384693103261e-06
 3.1030238458666475e-06
 3.1123007387555066e-06
 3.1276250287675788e-06
 3.1483821437432082e-06
 3.17390144247468e-06
 3.2034707153317469e-06
 3.2363505510237499e-06
 3.2717883355457174e-06
 3.3090316689915987e-06
 3.3473410080131754e-06
 3.3860013657737841e-06
 3.4243329267576953e-06
 3.4617004602381651e-06
 3.4975214430975603e-06
 3.5312728295106965e-06
 3.5624964313781329e-06
 3.5908028988148547e-06
 3.6158743141681549e-06
 3.6374654355860337e-06
 3.6554036467997732e-06
 3.6695876882862546e-06
 3.6799852611573043e-06
 3.6866296088391634e-06
 3.6896151927488189e-06
 3.6890925867567002e-06
 3.6852627211775117e-06
 3.6783706104722303e-06
 3.6686986998083707e-06
 3.6565599642909667e-06
 3.6422908911270396e-06
 3.6262444694894203e-06
 3.6087833055384842e-06
 3.5902729712150062e-06
 3.5710756852429682e-06
 3.551544413529957e-06
 3.5320174641135897e-06
 3.5128136391395729e-06
 3.4942279934148824e-06
 3.4765282360331266e-06
 3.4599517986465527e-06
 3.4447035813945509e-06
 3.4309543754810004e-06
 3.4188399500503092e-06
 3.4084607805641952e-06
 3.3998823863901507e-06
 3.3931362369335992e-06
 3.3882211784069718e-06
 3.3851053273335069e-06
 3.3837283721165588e-06
 3.3840042205409565e-06
 3.3858239287829026e-06
 3.3890588465085216e-06
 3.3935639127432964e-06
 3.3991810384165298e-06
 3.4057425137166888e-06
 3.4130743815120879e-06
 3.4209997220565128e-06
 3.4293417988326153e-06
 3.4379270205874782e-06
 3.4465876803133153e-06
 3.4551644379134539e-06
 3.4635085195205365e-06
 3.4714836127578124e-06
 3.478967443532521e-06
 3.4858530261296702e-06
 3.4920495843608276e-06
 3.4974831471606092e-06
 3.5020968273196621e-06
 3.505850796869589e-06
 3.5087219769592767e-06
 3.5107034638418369e-06
 3.5118037157797887e-06
 3.5120455282873064e-06
 3.5114648271011677e-06
 3.510109309646809e-06
 3.508036966563214e-06
 3.5053145150348939e-06
 3.5020157753513567e-06
 3.4982200212570723e-06
 3.4940103333484795e-06
 3.4894719830361708e-06
 3.4846908724902887e-06
 3.4797520536017108e-06
 3.4747383463222883e-06
 3.4697290739198108e-06
 3.464798929694651e-06
 3.4600169866779579e-06
 3.4554458587419349e-06
 3.4511410185460341e-06
 3.4471502747678451e-06
 3.4435134082721683e-06
 3.4402619641994182e-06
 3.4374191945170038e-06
 3.4350001433575313e-06
 3.4330118654992033e-06
 3.431453766674546e-06
 3.4303180529754625e-06
 3.429590275538406e-06
 3.4292499558683919e-06
 3.4292712766501206e-06
 3.4296238226756964e-06
 3.4302733565323013e-06
 3.4311826140284198e-06
 3.4323121048175122e-06
 3.4336209044864147e-06
 3.4350674252483105e-06
 3.436610153524167e-06
 3.4382083439071526e-06
 3.4398226603368168e-06
 3.441415756735974e-06
 3.4429527908245213e-06
 3.4444018663045729e-06
 3.4457344000905776e-06
 3.4469254127217613e-06
 3.4479537414768089e-06
 3.4488021770607506e-06
 3.4494575259333589e-06
 3.4499106015242927e-06
 3.4501561485540504e-06
 3.4501927055887935e-06
 3.4500224116685522e-06
 3.449650763501233e-06
 3.4490863301209901e-06
 3.4483404322699102e-06
 3.4474267939163528e-06
 3.4463611733694718e-06
 3.4451609813722535e-06
 3.4438448933374766e-06
 3.4424324625943661e-06
 3.4409437410804627e-06
 3.4393989134409546e-06
 3.4378179499189657e-06
 3.4362202827823568e-06
 3.4346245104007172e-06
 3.4330481323337908e-06
 3.4315073181297e-06
 3.4300167117700016e-06
 3.4285892730075412e-06
 3.4272361561476627e-06
 3.4259666261602338e-06
 3.4247880113815431e-06
 3.4237056915167353e-06
 3.4227231190948719e-06
 3.4218418721132342e-06
 3.4210617351800986e-06
 3.4203808061618497e-06
 3.4197956250748857e-06
 3.4193013217704345e-06
 3.4188917788576141e-06
 3.4185598062402497e-06
 3.4182973236746191e-06
 3.4180955478064698e-06
 3.4179451802924567e-06
 3.4178365937735568e-06
 3.4177600127019946e-06
 3.4177056862680182e-06
 3.4176640509820874e-06
 3.4176258807624982e-06
 3.4175824227275844e-06
 3.4175255172270904e-06
 3.417447701004224e-06
 3.4173422927134042e-06
 3.4172034603767183e-06
 3.4170262706802092e-06
 3.4168067203237985e-06
 3.4165417499227094e-06
 3.416229241244486e-06
 3.4158679987664978e-06
 3.4154577167751742e-06
 3.414998933395615e-06
 3.4144929730603544e-06
 3.4139418790639624e-06
 3.4133483379022132e-06
 3.412715597132061e-06
 3.4120473785250946e-06
 3.4113477882227392e-06
 3.4106212255984383e-06
 3.409872292412788e-06
 3.4091057037916473e-06
 3.4083262024115369e-06
 3.407538477143493e-06
 3.4067470872838155e-06
 3.4059563933143151e-06
 3.4051704949811419e-06
 3.4043931773197322e-06
 3.4036278650732138e-06
 3.4028775857892005e-06
 3.4021449417109828e-06
 3.4014320904492395e-06
 3.4007407342300042e-06
 3.4000721174283228e-06
 3.3994270319359209e-06
 3.3988058298415995e-06
 3.3982084427699316e-06
 3.3976344071869752e-06
 3.3970828948980125e-06
 3.3965527479228649e-06
 3.3960425169176321e-06
 3.3955505022915423e-06


# name: t
# type: matrix
# rows: 501
# columns: 1
 0
 0.01
 0.02
 0.029999999999999999
 0.040000000000000001
 0.050000000000000003
 0.059999999999999998
 0.070000000000000007
 0.080000000000000002
 0.089999999999999997
 0.10000000000000001
 0.11
 0.12
 0.13
 0.14000000000000001
 0.14999999999999999
 0.16
 0.17000000000000001
 0.17999999999999999
 0.19
 0.20000000000000001
 0.20999999999999999
 0.22
 0.23000000000000001
 0.23999999999999999
 0.25
 0.26000000000000001
 0.27000000000000002
 0.28000000000000003
 0.28999999999999998
 0.29999999999999999
 0.31
 0.32000000000000001
 0.33000000000000002
 0.34000000000000002
 0.35000000000000003
 0.35999999999999999
 0.37
 0.38
 0.39000000000000001
 0.40000000000000002
 0.41000000000000003
 0.41999999999999998
 0.42999999999999999
 0.44
 0.45000000000000001
 0.46000000000000002
 0.47000000000000003
 0.47999999999999998
 0.48999999999999999
 0.5
 0.51000000000000001
 0.52000000000000002
 0.53000000000000003
 0.54000000000000004
 0.55000000000000004
 0.56000000000000005
 0.57000000000000006
 0.57999999999999996
 0.58999999999999997
 0.59999999999999998
 0.60999999999999999
 0.62
 0.63
 0.64000000000000001
 0.65000000000000002
 0.66000000000000003
 0.67000000000000004
 0.68000000000000005
 0.69000000000000006
 0.70000000000000007
 0.70999999999999996
 0.71999999999999997
 0.72999999999999998
 0.73999999999999999
 0.75
 0.76000000000000001
 0.77000000000000002
 0.78000000000000003
 0.79000000000000004
 0.80000000000000004
 0.81000000000000005
 0.82000000000000006
 0.83000000000000007
 0.83999999999999997
 0.84999999999999998
 0.85999999999999999
 0.87
 0.88
 0.89000000000000001
 0.90000000000000002
 0.91000000000000003
 0.92000000000000004
 0.93000000000000005
 0.94000000000000006
 0.95000000000000007
 0.95999999999999996
 0.96999999999999997
 0.97999999999999998
 0.98999999999999999
 1
 1.01
 1.02
 1.03
 1.04
 1.05
 1.0600000000000001
 1.0700000000000001
 1.0800000000000001
 1.0900000000000001
 1.1000000000000001
 1.1100000000000001
 1.1200000000000001
 1.1300000000000001
 1.1400000000000001
 1.1500000000000001
 1.1599999999999999
 1.1699999999999999
 1.1799999999999999
 1.1899999999999999
 1.2
 1.21
 1.22
 1.23
 1.24
 1.25
 1.26
 1.27
 1.28
 1.29
 1.3
 1.3100000000000001
 1.3200000000000001
 1.3300000000000001
 1.3400000000000001
 1.3500000000000001
 1.3600000000000001
 1.3700000000000001
 1.3800000000000001
 1.3900000000000001
 1.4000000000000001
 1.4099999999999999
 1.4199999999999999
 1.4299999999999999
 1.4399999999999999
 1.45
 1.46
 1.47
 1.48
 1.49
 1.5
 1.51
 1.52
 1.53
 1.54
 1.55
 1.5600000000000001
 1.5700000000000001
 1.5800000000000001
 1.5900000000000001
 1.6000000000000001
 1.6100000000000001
 1.6200000000000001
 1.6300000000000001
 1.6400000000000001
 1.6500000000000001
 1.6600000000000001
 1.6699999999999999
 1.6799999999999999
 1.6899999999999999
 1.7
 1.71
 1.72
 1.73
 1.74
 1.75
 1.76
 1.77
 1.78
 1.79
 1.8
 1.8100000000000001
 1.8200000000000001
 1.8300000000000001
 1.8400000000000001
 1.8500000000000001
 1.8600000000000001
 1.8700000000000001
 1.8800000000000001
 1.8900000000000001
 1.9000000000000001
 1.9100000000000001
 1.9199999999999999
 1.9299999999999999
 1.9399999999999999
 1.95
 1.96
 1.97
 1.98
 1.99
 2
 2.0100000000000002
 2.02
 2.0300000000000002
 2.04
 2.0499999999999998
 2.0600000000000001
 2.0699999999999998
 2.0800000000000001
 2.0899999999999999
 2.1000000000000001
 2.1099999999999999
 2.1200000000000001
 2.1299999999999999
 2.1400000000000001
 2.1499999999999999
 2.1600000000000001
 2.1699999999999999
 2.1800000000000002
 2.1899999999999999
 2.2000000000000002
 2.21
 2.2200000000000002
 2.23
 2.2400000000000002
 2.25
 2.2600000000000002
 2.27
 2.2800000000000002
 2.29
 2.3000000000000003
 2.3100000000000001
 2.3199999999999998
 2.3300000000000001
 2.3399999999999999
 2.3500000000000001
 2.3599999999999999
 2.3700000000000001
 2.3799999999999999
 2.3900000000000001
 2.3999999999999999
 2.4100000000000001
 2.4199999999999999
 2.4300000000000002
 2.4399999999999999
 2.4500000000000002
 2.46
 2.4700000000000002
 2.48
 2.4900000000000002
 2.5
 2.5099999999999998
 2.52
 2.5299999999999998
 2.54
 2.5499999999999998
 2.5600000000000001
 2.5699999999999998
 2.5800000000000001
 2.5899999999999999
 2.6000000000000001
 2.6099999999999999
 2.6200000000000001
 2.6299999999999999
 2.6400000000000001
 2.6499999999999999
 2.6600000000000001
 2.6699999999999999
 2.6800000000000002
 2.6899999999999999
 2.6999999999999997
 2.71
 2.7199999999999998
 2.73
 2.7399999999999998
 2.75
 2.7599999999999998
 2.77
 2.7799999999999998
 2.79
 2.7999999999999998
 2.8100000000000001
 2.8199999999999998
 2.8300000000000001
 2.8399999999999999
 2.8500000000000001
 2.8599999999999999
 2.8700000000000001
 2.8799999999999999
 2.8900000000000001
 2.8999999999999999
 2.9100000000000001
 2.9199999999999999
 2.9300000000000002
 2.9399999999999999
 2.9500000000000002
 2.96
 2.9699999999999998
 2.98
 2.9899999999999998
 3
 3.0099999999999998
 3.02
 3.0300000000000002
 3.04
 3.0499999999999998
 3.0600000000000001
 3.0700000000000003
 3.0800000000000001
 3.0899999999999999
 3.0999999999999996
 3.1099999999999999
 3.1200000000000001
 3.1299999999999999
 3.1399999999999997
 3.1499999999999999
 3.1600000000000001
 3.1699999999999999
 3.1799999999999997
 3.1899999999999999
 3.2000000000000002
 3.21
 3.2199999999999998
 3.23
 3.2400000000000002
 3.25
 3.2599999999999998
 3.27
 3.2800000000000002
 3.29
 3.2999999999999998
 3.3100000000000001
 3.3200000000000003
 3.3300000000000001
 3.3399999999999999
 3.3499999999999996
 3.3599999999999999
 3.3700000000000001
 3.3799999999999999
 3.3899999999999997
 3.3999999999999999
 3.4100000000000001
 3.4199999999999999
 3.4299999999999997
 3.4399999999999999
 3.4500000000000002
 3.46
 3.4699999999999998
 3.48
 3.4900000000000002
 3.5
 3.5099999999999998
 3.52
 3.5300000000000002
 3.54
 3.5499999999999998
 3.5600000000000001
 3.5700000000000003
 3.5800000000000001
 3.5899999999999999
 3.5999999999999996
 3.6099999999999999
 3.6200000000000001
 3.6299999999999999
 3.6399999999999997
 3.6499999999999999
 3.6600000000000001
 3.6699999999999999
 3.6799999999999997
 3.6899999999999999
 3.7000000000000002
 3.71
 3.7199999999999998
 3.73
 3.7400000000000002
 3.75
 3.7599999999999998
 3.77
 3.7800000000000002
 3.79
 3.7999999999999998
 3.8100000000000001
 3.8200000000000003
 3.8300000000000001
 3.8399999999999999
 3.8499999999999996
 3.8599999999999999
 3.8700000000000001
 3.8799999999999999
 3.8899999999999997
 3.8999999999999999
 3.9100000000000001
 3.9199999999999999
 3.9299999999999997
 3.9399999999999999
 3.9500000000000002
 3.96
 3.9699999999999998
 3.98
 3.9900000000000002
 4
 4.0099999999999998
 4.0199999999999996
 4.0300000000000002
 4.04
 4.0499999999999998
 4.0599999999999996
 4.0700000000000003
 4.0800000000000001
 4.0899999999999999
 4.0999999999999996
 4.1100000000000003
 4.1200000000000001
 4.1299999999999999
 4.1399999999999997
 4.1500000000000004
 4.1600000000000001
 4.1699999999999999
 4.1799999999999997
 4.1899999999999995
 4.2000000000000002
 4.21
 4.2199999999999998
 4.2300000000000004
 4.2400000000000002
 4.25
 4.2599999999999998
 4.2699999999999996
 4.2800000000000002
 4.29
 4.2999999999999998
 4.3099999999999996
 4.3200000000000003
 4.3300000000000001
 4.3399999999999999
 4.3499999999999996
 4.3600000000000003
 4.3700000000000001
 4.3799999999999999
 4.3899999999999997
 4.4000000000000004
 4.4100000000000001
 4.4199999999999999
 4.4299999999999997
 4.4399999999999995
 4.4500000000000002
 4.46
 4.4699999999999998
 4.4800000000000004
 4.4900000000000002
 4.5
 4.5099999999999998
 4.5199999999999996
 4.5300000000000002
 4.54
 4.5499999999999998
 4.5599999999999996
 4.5700000000000003
 4.5800000000000001
 4.5899999999999999
 4.5999999999999996
 4.6100000000000003
 4.6200000000000001
 4.6299999999999999
 4.6399999999999997
 4.6500000000000004
 4.6600000000000001
 4.6699999999999999
 4.6799999999999997
 4.6900000000000004
 4.7000000000000002
 4.71
 4.7199999999999998
 4.7300000000000004
 4.7400000000000002
 4.75
 4.7599999999999998
 4.7699999999999996
 4.7800000000000002
 4.79
 4.7999999999999998
 4.8099999999999996
 4.8200000000000003
 4.8300000000000001
 4.8399999999999999
 4.8499999999999996
 4.8600000000000003
 4.8700000000000001
 4.8799999999999999
 4.8899999999999997
 4.9000000000000004
 4.9100000000000001
 4.9199999999999999
 4.9299999999999997
 4.9400000000000004
 4.9500000000000002
 4.96
 4.9699999999999998
 4.9800000000000004
 4.9900000000000002
 5


